4920
3254
4147
1193
6516
4361
7068
2021

5147
3535
5087
3676
2012
5515
3254
6597
1571
4836
2302
5546
5926

33932
34239

2989
2837
7396
1093
2634
1270
5592
5228
3083
5264
6445
2625

5939
1245
4147
4351
2047
2433
2041
6812
5043
1363
3471
2099
4456

5249
5322
1297
6462
3596
5742
4119
4856
4419
4071
1881
5903
2574

1983
10553
10555

2443
3676
8079
2691
6848
4439
6587
4672
5953
1978
2141

6699
8038
1545
8160
2361
1513
2444
2635

2193
10187
1997
7141
2982
8262
3156
6427

3291
11556
8033
6924
4059
11793

4241
7720
11519
1930
1659
4582

1167
7765
1452
5466
2916
7414
7644
7578
7782
8510

2055
4368
8859
7446
4466
6374
8121
4476

19642

19756
5503
14960
